At time 1731011361.973494980
- Translation: [0.000, 0.000, 0.000]
- Rotation: in Quaternion [0.000, 0.000, -0.707, 0.707]
- Rotation: in RPY (radian) [0.000, 0.000, -1.571]
- Rotation: in RPY (degree) [0.000, 0.000, -89.998]
- Matrix:
  0.000  1.000  0.000  0.000
 -1.000  0.000 -0.000  0.000
 -0.000  0.000  1.000  0.000
  0.000  0.000  0.000  1.000
At time 1731011362.965032652
- Translation: [-0.042, -1.311, 0.000]
- Rotation: in Quaternion [0.000, 0.000, -0.718, 0.696]
- Rotation: in RPY (radian) [0.000, 0.000, -1.603]
- Rotation: in RPY (degree) [0.000, 0.000, -91.832]
- Matrix:
 -0.032  0.999  0.000 -0.042
 -0.999 -0.032 -0.000 -1.311
 -0.000  0.000  1.000  0.000
  0.000  0.000  0.000  1.000
At time 1731011363.972987329
- Translation: [2.135, -1.130, 0.000]
- Rotation: in Quaternion [0.000, 0.000, 0.060, 0.998]
- Rotation: in RPY (radian) [0.000, -0.000, 0.121]
- Rotation: in RPY (degree) [0.000, -0.000, 6.923]
- Matrix:
  0.993 -0.121  0.000  2.135
  0.121  0.993  0.000 -1.130
  0.000  0.000  1.000  0.000
  0.000  0.000  0.000  1.000
At time 1731011364.965095711
- Translation: [1.866, 0.770, 0.000]
- Rotation: in Quaternion [0.000, 0.000, 0.712, 0.702]
- Rotation: in RPY (radian) [0.000, -0.000, 1.586]
- Rotation: in RPY (degree) [0.000, -0.000, 90.860]
- Matrix:
 -0.015 -1.000  0.000  1.866
  1.000 -0.015  0.000  0.770
  0.000  0.000  1.000  0.000
  0.000  0.000  0.000  1.000
At time 1731011365.973287582
- Translation: [0.864, 0.422, 0.000]
- Rotation: in Quaternion [0.000, 0.000, 0.981, 0.192]
- Rotation: in RPY (radian) [0.000, -0.000, 2.756]
- Rotation: in RPY (degree) [0.000, -0.000, 157.906]
- Matrix:
 -0.927 -0.376  0.000  0.864
  0.376 -0.927  0.000  0.422
  0.000  0.000  1.000  0.000
  0.000  0.000  0.000  1.000
At time 1731011366.965269462
- Translation: [0.193, 1.504, 0.000]
- Rotation: in Quaternion [0.000, 0.000, 0.762, 0.648]
- Rotation: in RPY (radian) [0.000, -0.000, 1.732]
- Rotation: in RPY (degree) [0.000, -0.000, 99.262]
- Matrix:
 -0.161 -0.987  0.000  0.193
  0.987 -0.161  0.000  1.504
  0.000  0.000  1.000  0.000
  0.000  0.000  0.000  1.000
At time 1731011367.973475017
- Translation: [1.842, 1.210, 0.000]
- Rotation: in Quaternion [0.000, 0.000, 0.268, 0.964]
- Rotation: in RPY (radian) [0.000, -0.000, 0.542]
- Rotation: in RPY (degree) [0.000, -0.000, 31.031]
- Matrix:
  0.857 -0.516  0.000  1.842
  0.516  0.857  0.000  1.210
  0.000  0.000  1.000  0.000
  0.000  0.000  0.000  1.000
At time 1731011368.965266697
- Translation: [2.234, 0.915, 0.000]
- Rotation: in Quaternion [0.000, 0.000, 0.345, 0.939]
- Rotation: in RPY (radian) [0.000, -0.000, 0.704]
- Rotation: in RPY (degree) [0.000, -0.000, 40.326]
- Matrix:
  0.762 -0.647  0.000  2.234
  0.647  0.762  0.000  0.915
  0.000  0.000  1.000  0.000
  0.000  0.000  0.000  1.000
At time 1731011369.973760671
- Translation: [1.667, 1.127, 0.000]
- Rotation: in Quaternion [0.000, 0.000, 0.618, 0.786]
- Rotation: in RPY (radian) [0.000, -0.000, 1.332]
- Rotation: in RPY (degree) [0.000, -0.000, 76.340]
- Matrix:
  0.236 -0.972  0.000  1.667
  0.972  0.236  0.000  1.127
  0.000  0.000  1.000  0.000
  0.000  0.000  0.000  1.000
At time 1731011370.965053541
- Translation: [1.753, 1.469, 0.000]
- Rotation: in Quaternion [0.000, 0.000, 0.619, 0.785]
- Rotation: in RPY (radian) [0.000, -0.000, 1.336]
- Rotation: in RPY (degree) [0.000, -0.000, 76.534]
- Matrix:
  0.233 -0.973  0.000  1.753
  0.973  0.233  0.000  1.469
  0.000  0.000  1.000  0.000
  0.000  0.000  0.000  1.000
At time 1731011371.972887695
- Translation: [1.877, 1.424, 0.000]
- Rotation: in Quaternion [0.000, 0.000, 0.666, 0.746]
- Rotation: in RPY (radian) [0.000, -0.000, 1.458]
- Rotation: in RPY (degree) [0.000, -0.000, 83.549]
- Matrix:
  0.112 -0.994  0.000  1.877
  0.994  0.112  0.000  1.424
  0.000  0.000  1.000  0.000
  0.000  0.000  0.000  1.000
At time 1731011372.965419422
- Translation: [2.244, 1.447, 0.000]
- Rotation: in Quaternion [0.000, 0.000, 0.577, 0.817]
- Rotation: in RPY (radian) [0.000, -0.000, 1.230]
- Rotation: in RPY (degree) [0.000, -0.000, 70.502]
- Matrix:
  0.334 -0.943  0.000  2.244
  0.943  0.334  0.000  1.447
  0.000  0.000  1.000  0.000
  0.000  0.000  0.000  1.000
At time 1731011373.973161891
- Translation: [2.312, 1.557, 0.000]
- Rotation: in Quaternion [0.000, 0.000, 0.502, 0.865]
- Rotation: in RPY (radian) [0.000, -0.000, 1.052]
- Rotation: in RPY (degree) [0.000, -0.000, 60.249]
- Matrix:
  0.496 -0.868  0.000  2.312
  0.868  0.496  0.000  1.557
  0.000  0.000  1.000  0.000
  0.000  0.000  0.000  1.000
At time 1731011374.965637263
- Translation: [2.313, 1.459, 0.000]
- Rotation: in Quaternion [0.000, 0.000, 0.584, 0.812]
- Rotation: in RPY (radian) [0.000, -0.000, 1.247]
- Rotation: in RPY (degree) [0.000, -0.000, 71.471]
- Matrix:
  0.318 -0.948  0.000  2.313
  0.948  0.318  0.000  1.459
  0.000  0.000  1.000  0.000
  0.000  0.000  0.000  1.000
At time 1731011375.973692073
- Translation: [1.877, 1.420, 0.000]
- Rotation: in Quaternion [0.000, 0.000, 0.718, 0.696]
- Rotation: in RPY (radian) [0.000, -0.000, 1.602]
- Rotation: in RPY (degree) [0.000, -0.000, 91.766]
- Matrix:
 -0.031 -1.000  0.000  1.877
  1.000 -0.031  0.000  1.420
  0.000  0.000  1.000  0.000
  0.000  0.000  0.000  1.000
At time 1731011376.964983649
- Translation: [1.570, 1.215, 0.000]
- Rotation: in Quaternion [0.000, 0.000, 0.815, 0.579]
- Rotation: in RPY (radian) [0.000, -0.000, 1.907]
- Rotation: in RPY (degree) [0.000, -0.000, 109.242]
- Matrix:
 -0.330 -0.944  0.000  1.570
  0.944 -0.330  0.000  1.215
  0.000  0.000  1.000  0.000
  0.000  0.000  0.000  1.000
At time 1731011377.973106713
- Translation: [1.095, 1.466, 0.000]
- Rotation: in Quaternion [0.000, 0.000, 0.817, 0.577]
- Rotation: in RPY (radian) [0.000, -0.000, 1.912]
- Rotation: in RPY (degree) [0.000, -0.000, 109.523]
- Matrix:
 -0.334 -0.943  0.000  1.095
  0.943 -0.334  0.000  1.466
  0.000  0.000  1.000  0.000
  0.000  0.000  0.000  1.000
At time 1731011378.965668747
- Translation: [2.087, 1.585, 0.000]
- Rotation: in Quaternion [0.000, 0.000, 0.302, 0.953]
- Rotation: in RPY (radian) [0.000, -0.000, 0.613]
- Rotation: in RPY (degree) [0.000, -0.000, 35.112]
- Matrix:
  0.818 -0.575  0.000  2.087
  0.575  0.818  0.000  1.585
  0.000  0.000  1.000  0.000
  0.000  0.000  0.000  1.000
At time 1731011379.973540699
- Translation: [2.635, 0.163, 0.000]
- Rotation: in Quaternion [0.000, 0.000, -0.300, 0.954]
- Rotation: in RPY (radian) [0.000, 0.000, -0.610]
- Rotation: in RPY (degree) [0.000, 0.000, -34.928]
- Matrix:
  0.820  0.573  0.000  2.635
 -0.573  0.820 -0.000  0.163
 -0.000  0.000  1.000  0.000
  0.000  0.000  0.000  1.000
At time 1731011380.965035960
- Translation: [2.373, -0.930, 0.000]
- Rotation: in Quaternion [0.000, 0.000, -0.498, 0.867]
- Rotation: in RPY (radian) [0.000, 0.000, -1.044]
- Rotation: in RPY (degree) [0.000, 0.000, -59.792]
- Matrix:
  0.503  0.864  0.000  2.373
 -0.864  0.503 -0.000 -0.930
 -0.000  0.000  1.000  0.000
  0.000  0.000  0.000  1.000
At time 1731011381.973360792
- Translation: [1.950, -1.154, 0.000]
- Rotation: in Quaternion [0.000, 0.000, -0.687, 0.727]
- Rotation: in RPY (radian) [0.000, 0.000, -1.515]
- Rotation: in RPY (degree) [0.000, 0.000, -86.794]
- Matrix:
  0.056  0.998  0.000  1.950
 -0.998  0.056 -0.000 -1.154
 -0.000  0.000  1.000  0.000
  0.000  0.000  0.000  1.000
At time 1731011382.964813738
- Translation: [1.847, -1.301, 0.000]
- Rotation: in Quaternion [0.000, 0.000, -0.724, 0.690]
- Rotation: in RPY (radian) [0.000, 0.000, -1.620]
- Rotation: in RPY (degree) [0.000, 0.000, -92.813]
- Matrix:
 -0.049  0.999  0.000  1.847
 -0.999 -0.049 -0.000 -1.301
 -0.000  0.000  1.000  0.000
  0.000  0.000  0.000  1.000
At time 1731011383.973339729
- Translation: [1.588, -1.408, 0.000]
- Rotation: in Quaternion [0.000, 0.000, -0.718, 0.696]
- Rotation: in RPY (radian) [0.000, 0.000, -1.601]
- Rotation: in RPY (degree) [0.000, 0.000, -91.738]
- Matrix:
 -0.030  1.000  0.000  1.588
 -1.000 -0.030 -0.000 -1.408
 -0.000  0.000  1.000  0.000
  0.000  0.000  0.000  1.000
At time 1731011384.965205812
- Translation: [2.421, -1.804, 0.000]
- Rotation: in Quaternion [0.000, 0.000, -0.405, 0.914]
- Rotation: in RPY (radian) [0.000, 0.000, -0.833]
- Rotation: in RPY (degree) [0.000, 0.000, -47.742]
- Matrix:
  0.672  0.740  0.000  2.421
 -0.740  0.672 -0.000 -1.804
 -0.000  0.000  1.000  0.000
  0.000  0.000  0.000  1.000
At time 1731011385.973635712
- Translation: [2.173, -0.674, 0.000]
- Rotation: in Quaternion [0.000, 0.000, -0.123, 0.992]
- Rotation: in RPY (radian) [0.000, 0.000, -0.246]
- Rotation: in RPY (degree) [0.000, 0.000, -14.105]
- Matrix:
  0.970  0.244  0.000  2.173
 -0.244  0.970 -0.000 -0.674
 -0.000  0.000  1.000  0.000
  0.000  0.000  0.000  1.000
At time 1731011386.965396785
- Translation: [1.178, -0.164, 0.000]
- Rotation: in Quaternion [0.000, 0.000, 0.024, 1.000]
- Rotation: in RPY (radian) [0.000, -0.000, 0.048]
- Rotation: in RPY (degree) [0.000, -0.000, 2.766]
- Matrix:
  0.999 -0.048  0.000  1.178
  0.048  0.999  0.000 -0.164
  0.000  0.000  1.000  0.000
  0.000  0.000  0.000  1.000
At time 1731011387.973081732
- Translation: [0.594, -0.040, 0.000]
- Rotation: in Quaternion [0.000, 0.000, 0.093, 0.996]
- Rotation: in RPY (radian) [0.000, -0.000, 0.187]
- Rotation: in RPY (degree) [0.000, -0.000, 10.715]
- Matrix:
  0.983 -0.186  0.000  0.594
  0.186  0.983  0.000 -0.040
  0.000  0.000  1.000  0.000
  0.000  0.000  0.000  1.000
At time 1731011388.965348280
- Translation: [0.300, -0.010, 0.000]
- Rotation: in Quaternion [0.000, 0.000, 0.127, 0.992]
- Rotation: in RPY (radian) [0.000, -0.000, 0.254]
- Rotation: in RPY (degree) [0.000, -0.000, 14.538]
- Matrix:
  0.968 -0.251  0.000  0.300
  0.251  0.968  0.000 -0.010
  0.000  0.000  1.000  0.000
  0.000  0.000  0.000  1.000
At time 1731011389.973628275
- Translation: [0.149, -0.002, 0.000]
- Rotation: in Quaternion [0.000, 0.000, 0.143, 0.990]
- Rotation: in RPY (radian) [0.000, -0.000, 0.287]
- Rotation: in RPY (degree) [0.000, -0.000, 16.441]
- Matrix:
  0.959 -0.283  0.000  0.149
  0.283  0.959  0.000 -0.002
  0.000  0.000  1.000  0.000
  0.000  0.000  0.000  1.000
At time 1731011390.965363352
- Translation: [0.075, -0.001, 0.000]
- Rotation: in Quaternion [0.000, 0.000, 0.151, 0.989]
- Rotation: in RPY (radian) [0.000, -0.000, 0.303]
- Rotation: in RPY (degree) [0.000, -0.000, 17.365]
- Matrix:
  0.954 -0.298  0.000  0.075
  0.298  0.954  0.000 -0.001
  0.000  0.000  1.000  0.000
  0.000  0.000  0.000  1.000
At time 1731011391.973812058
- Translation: [0.037, -0.000, 0.000]
- Rotation: in Quaternion [0.000, 0.000, 0.155, 0.988]
- Rotation: in RPY (radian) [0.000, -0.000, 0.311]
- Rotation: in RPY (degree) [0.000, -0.000, 17.825]
- Matrix:
  0.952 -0.306  0.000  0.037
  0.306  0.952  0.000 -0.000
  0.000  0.000  1.000  0.000
  0.000  0.000  0.000  1.000
At time 1731011392.965528166
- Translation: [0.019, -0.000, 0.000]
- Rotation: in Quaternion [0.000, 0.000, 0.157, 0.988]
- Rotation: in RPY (radian) [0.000, -0.000, 0.315]
- Rotation: in RPY (degree) [0.000, -0.000, 18.048]
- Matrix:
  0.951 -0.310  0.000  0.019
  0.310  0.951  0.000 -0.000
  0.000  0.000  1.000  0.000
  0.000  0.000  0.000  1.000
